2679510381
4345771381
3393338381
2679510746
2408168799
4422753814
2406527463
2677581462
4108079381
2675280381
2722219381
4108467381
3159013381
4129334381
4125508381
2679510462
2722017465
2678662462
4108468381
2724358462
2728674634
2764950462
3396744381
2405347469
3159136381
3512069381
2722160381
4422753812
3159017381
2728674628
4422682381
4422753816
2722017462
2406660746
4129091381
4129093812
4124308381
3016440381
2409715746
2406527461
2722017381
2678663814
2768598462
4129093816
2678664746
2727707746
4342541381
5855364096
6073239708
2728674476
3157529402
2343079529
9802733562
6674028649
4129093381
7179986493
8564086498
5164535620
5854993562
4108468649
4125508649
8452538649
6674028649
5408813562
6073658649
9294853562
4437386498
2408403562
6806008649
5408813562
6073658649
9294853562
4437386498
9735786494
5189178649
2408403562
7169198649
7169198649
6672668649
5086258649
9295058649
8566178649
9804658649
5854998649
9733486494
