5162818528
5186890522
5186200421
3308002223
4422753051
4845895007
2342386512
2342387159
2342387221
2342388352
4422759074
6677715579
2342388374
5162818533
5189351397
2342388394
2342388344
2342387216
2342389263
5186892486
5162818516
2342388372
3159015425
4422758560
5186200431
5162818519
2342386408
4847182937
4422758530
3159014565
3159016064
5182880023
2342386309
2342386362
4422758658
2342388354
5162818514
6677713188
2342386514
2342387236
2342388379
5165345115
5186148027
4422752920
5162818510
2342388341
6109225674
6677714169
2343126650
2342388389
2342388455
4422758579
5707630455
2342386175
2342386285
2342386297
2342386315
2342386330
2342389359
5858154122
2342386370
2342388395
2342388396
5165345116
4849329909
2342388413
4422759005
2342387187
2342388361
6092832025
2342388414
5185365805
2342388337
2342388407
4422759092
2342387266
2342386417
2342386321
2342386357
2342388343
2348679201
7163626049
5162818518
2342388419
5188151202
5186200422
3159137169
5185070025
2342386306
2342386359
2342386387
2342389372
2349001069
2342388441
4847182936
6677714597
2342386452
2342389351
2342387261
2342386375
2342388451
5707630443
2342388442
5707630444
3159137099
4845895003
2342388467
2348674759
2342388406
2342388416
2345423137
5186891353
4845895006
6072180152
2342389370
6677712308
4422758563
2342387203
2342389358
4422759066
6072400987
2342388384
2342386344
2342387222
2342387253
2342388398
4847182941
5162818537
2342388393
5165345113
2342388434
2342388449
2342386393
2342386496
6107238245
2342388371
2342386298
4422753255
2342386457
5707630439
5707630448
5705760631
2342386318
2342388360
4422759013
2342387268
2342387270
5189351396
6108339529
4422758525
5707630438
2342388363
2342388471
4422759069
2342388444
2342386325
2342386302
2342386288
2342386341
4423243989
4422758543
7163323679
2342388397
2342388409
6109225290
5185070023
5707630433
2342386471
2342388392
2342386428
2342386450
4845895004
2342389357
5162818506
4845895009
4847182924
4422753540
5162818525
4422759000
2342389434
2342388359
2342388402
5185365803
4422759010
2342386495
2342387263
2342388400
2342386323
6109225414
2342386434
5162818503
5186215937
3159015132
5707630445
2342388375
3159014218
2342386813
3159014860
2342388403
6073442806
7163127564
2342388357
2342386446
2342386289
2342387254
2342388412
6672608988
2342388391
2342387256
2342388387
5707630440
4422758518
4847182914
3159014751
4422753364
5707630434
4422758573
2342388431
4847182915
6072202836
4422758839
4422901466
6072202826
6674015474
6677716743
5707630435
5162818539
4422759002
2342388466
2342387223
2342388376
2342389325
2342388327
2342388459
2342388415
4422758554
6072400540
2342388483
2342386421
2342386448
5705760615
5186215935
6677713086
2342386296
6109223336
2342388436
5707630432
5186892482
2342386432
4422758857
4422683281
2342386501
2342386502
6677716586
2342481773
5165345111
5707630436
2348679276
2342386484
2342386491
2342388388
6109223841
2343488943
6677715976
5162818504
5186200411
4848520223
2342388336
6677713054
5162818536
2342387157
2342387240
2342388358
2342388408
3159137706
5185365137
2342386468
2342386345
4422683663
5165345112
2342388418
5186148004
5707630416
3159137554
4423243973
3159015652
2342386411
2342387188
2342388468
4422759011
2342386351
2342386331
3159016361
4422759003
6108339352
2342389451
2342386366
2342388472
2342386340
2342386314