8564086498
5164535620
5854993562
4108468649
4125508649
8452538649
6674028649
6806008649
5408813562
6073658649
9294853562
4437386498
9735786494
5189178649
2408403562
7169198649
6672668649
5086258649
9295058649
8566178649
4703918649
9804658649
5186148649
2724358649
9735786491
5854998649
9733486494
7179983562
7605486499
9736356207
2728673562
4846253562
5854058649
7605486497
5715758649
7603698649
6107235620
6107235622
4422683562
3016908649
5853808649
8035928649
8285898649
6672608649
6094348649
8568888649
4123135626
8572568649
7164638649
7814108649
8572735622
4432648649
6105798649
8572735625
5085686499
2408063562
7164638649
6107235620
9736356203
6107235628
4123135621
8565228649
4702208649
2349001075
2343510349
2342388349
2342481349
2679510381
4345771381
3393338381
2679510746
2408168799
4422753814
2406527463
2677581462
4108079381
2675280381
2722219381
4108467381
3159013381
4129334381
4125508381
2722160381
4422753812
2679510462
2722017465
3159017381
2678662462
2728674628
4422682381
4108468381
2724358462
2728674634
2764950462
3396744381
2405347469
3159136381
3512069381
4422753816
4129093381
4129093812
4124308381
3016440381
2409715746
2406527461
2722017462
2722017381
2678663814
2768598462
2406660746
2768328462
4129093816
4129091381
2722160462
2405347466
2678662381
2768350462
3159608381
2728674626
2724831746
2722079462
2678664746
2722952746
2678664623
2408158746
4129332381
2727707462
4422903815
2409714629
2764091462
2405497464
3016440462
2727706381
2678663462
4103349381
4422273381
4422753818
2722160746
4108448381
2677589746
2722952462
4127858381
2678665462
2727707464
4422753810
2677589381
2728676462
4422901381
3015476462
2727707746
2408313746
4129093819
2678664626
2765822462
2406419746
2724358381
4422683818
3017082381
4345421381
4342541381
2722017469
4422903818
4129090381
4345689381
4129333810
4702219583
6073239786
2768598431
3017082397
2722079823
4343229580
2764091892
2342392958
5855364096
6073239708
6072783978
6073239701
7605482397
4106189583
5855364093
2764091529
5718318431
4106044872
6073239799
2407829588
4106189823
4422752397
4422684317
2404882397
5403902397
4108448727
4849658431
6073239782
2407829583
2764091574
2405032397
4108448724
4702216409
2728676409
2764091964
6072788431
4125509823
5404976409
4422469583
6073239785
5854976409
8038612397
2727704872
2764091496
2724358431
4109734872
6674023979
4702213978
4108448721
6674023971
2722079583
6073239703
4702795834
4846526409
4422684313
5048728023
2407829580
4702218431
4702209583
4343729583
5043696409
2405098238
4343729823
5043692397
2405098235
2404882958
2764091589
2728674872
2406419823
2343219583
4432648721
2408063978
2343488431
2764091742
8045792397
2764091623
2722219583
7603682397
2764091935
5408813978
6073239780
6674023974
4343229583
2727706409
4438634872
6073239705
2407829585
2407829582
5855364094
4422684311
6073239797
2765822958
2405098230
4422753978
2407133978
2405098232
4129092958
5855364091
6073239795
4103348218
2768328482
4106044828
2402419529
2408319538
2402249953
2727705953
2408405953
3159137953
3014949953
2728674476
3017082953
2404365293
3017082529
2342389534
2728676953
2678662529
4106044821
3157529402
3159015953
2409714764
3016440529
2764558529
2407829476
3015476482
2727707529
2727704763
4103348225
2728674827
2677589476
3393338953
2763231476
2678664829
2057321953
2402419536
2677589531
2409714768
2679510482
2763258482
2408609537
2722952903
2408409953
2405347696
2677589953
2407829531
2343079529
2678665291
2722160529
2728677482
9733486490
9802733562
5518888649
8149008649
9736356201
7179986496
5408818649
7242218649
4422686491
9733486492
6107235626
7179986490
6072973562
8147313562
8284718649
6674023562
5162268649
4437386491
8564086490
7066093562
6094838649
8627728649
6072868649
5085686496
9735786499
4702798649
8572735629
2768598649
7179986493
3159608649